jakartaSelatan_coords = [
    [-6.351653707287484, 106.7974152689428], 
    [-6.345451400667414, 106.83357439508949],  
    [-6.337690758403226, 106.83890743434884], 
    [-6.306116221695997, 106.85546771544348], 
    [-6.236199974408628, 106.8652000464054], 
    [-6.22878950249693,  106.862003132081], 
    [-6.220667381653139, 106.85819065691066],  
    [-6.211055417847184, 106.83547079057584], 
    [-6.207267190952147, 106.8264283731303],  
    [-6.21347047347694,  106.791413018543],
    [-6.228662645762758, 106.75793180944302],
    [-6.236700596773948, 106.74972945715798]
]

Surabaya_coords = [
    [-7.285340570948877, 112.62873814150498],  
    [-7.311479224354825, 112.65222122008696],  
    [-7.320927713362479, 112.70222808866066],  
    [-7.328139443065717, 112.7158423260865],  
    [-7.345469565867443, 112.73577961534107],  
    [-7.335015105910865, 112.7881093865558],  
    [-7.332341678074853, 112.78931180000164],  
    [-7.293886709278453, 112.80585621111182],  
    [-7.258092499824747, 112.7735886],  
    [-7.251836003003425, 112.74399534025848],
    [-7.26374644279672,  112.675925084161],  
    [-7.278946246839768, 112.64819747885556]
]

semarang_coords = [
    [-6.95320868438098,  110.39493975927], 
    [-6.999633076502743, 110.35363184316115],  
    [-7.013042613580792, 110.37191570186188], 
    [-7.034860781773663, 110.39146495955976], 
    [-7.046594850674488, 110.38927737325312], 
    [-7.059399429357017, 110.38723045767064], 
    [-7.059281467509491, 110.39880207029044],  
    [-7.071519226589376, 110.41133715306758], 
    [-7.07010772965387,  110.44353824232935],  
    [-7.0680856877769,   110.44964529991074],
    [-7.035842050919832, 110.46362856931738],
    [-7.029266677095443, 110.49625034707752],
    [-7.027211963736882, 110.49535954329453],
    [-6.969222930148,    110.477785209444]
]

jakpus_coords = [
    [-6.149722922158389, 106.83592937416824],
    [-6.149147,          106.829496],
    [-6.15974749512419,  106.817103615919],
    [-6.16177766493969,  106.815013926987],
    [-6.16735733058887,  106.80601352657],
    [-6.171606563651373, 106.80523202447002],
    [-6.17491330139368,  106.807489326655],
    [-6.20685210441135,  106.804712157916],
    [-6.213544634514617, 106.81097725276642],
    [-6.21425531457243,  106.81278527104],
    [-6.205267361742902, 106.8405821261364],
    [-6.20370036151899,  106.85476813674262],
    [-6.18595428357869,  106.873027307328],
    [-6.181319484999102, 106.87409732504548],
    [-6.173340600420429, 106.8749135936134],
    [-6.156988461056206, 106.86611278835711],
]

TangerangSelatan_coords = [
    [-6.259914917719928, 106.70080562714006],
    [-6.248849030421519, 106.64968004802084],
    [-6.313933542384169, 106.66407835767065],
    [-6.342134987632839, 106.73595894426354],
    [-6.347631849142284, 106.75012425163102],
    [-6.306042238695706, 106.77077976995456],
    [-6.300403009335342, 106.76854006312726],
    [-6.256022332147909, 106.73495977054432],
]

KabupatenTangerang_coords = [
    [-6.110707032837317, 106.64401895494464],
    [-6.237251508355396, 106.52525170956469],
    [-6.272607240232582, 106.5223831],
    [-6.272840356835374, 106.52237775358824],
    [-6.32632283260792,  106.62501777134234],
    [-6.31902171219933,  106.643484315948],
    [-6.292790605230668, 106.64392160033157],
    [-6.242521311742589, 106.63444903865584],
    [-6.23673777320912,  106.62923400485808],
    [-6.214278248648262, 106.59644388465492],
]

JakartaUtara_coords = [
    [-6.118430372539898, 106.88695036619004],
    [-6.129101777420864, 106.82924854496164],
    [-6.115000665472254, 106.78855131779086],
    [-6.140770128104706, 106.77764385937525],
    [-6.15822428892679,  106.87081878940504],
    [-6.17427531417989,  106.900922607286],
    [-6.17296355105631,  106.912046889811],
    [-6.158163232975833, 106.9216423999116],
    [-6.129959457964827, 106.92316038338896]
]

depok_coords = [
    [-6.33295444334142,  106.781526298091],  
    [-6.357127646188372, 106.773584647755],  
    [-6.388146849733879, 106.74425823031676],  
    [-6.438406517782091, 106.75131734593197],  
    [-6.438355979049007, 106.84345358587076],  
    [-6.4292072406034,   106.861156246298],  
    [-6.426572051865078, 106.88440309625958],  
    [-6.374053446610034, 106.89880214166762],  
    [-6.354045283761483, 106.8372864961605],     
]

Malang_coords = [
    [-7.925656980754647, 112.61655709644069],  
    [-7.928440103781237, 112.61194367739836], 
    [-7.93181929011762,  112.60311554414],
    [-7.939819211466251, 112.58761948465494],
    [-7.945014376262259, 112.59355674602854], 
    [-7.944570255693691, 112.6008006986354],  
    [-7.96426165274466,  112.632587608692],  
    [-7.985024539191871, 112.60461851109665], 
    [-7.975471384856218, 112.66324936684876], 
    [-7.937243154309424, 112.66053759202909],
    [-7.925656980754647, 112.61655709644069]    
]

jaktim_coords = [
    [-6.1727046669934,   106.9603451018474],  
    [-6.177361140224098, 106.9684038786188],  
    [-6.194136143629399, 106.95391692698333],  
    [-6.23070690364856,  106.93010209718436],  
    [-6.250287742809292, 106.92437395922128],  
    [-6.303674319008503, 106.91722139861136],  
    [-6.344408708271641, 106.89607950167436],  
    [-6.369821582356499, 106.88370704073828],  
    [-6.354454048799839, 106.87461379364348],  
    [-6.331557470144975, 106.85093024417982],
    [-6.329712574455802, 106.85111425872202],
    [-6.310657550298952, 106.88031114640631],
    [-6.285582709095762, 106.87354562680692],
    [-6.27303612936887,  106.86863215174075],
    [-6.264009527469388, 106.8666772630655],
    [-6.242020901935962, 106.87108080257454],
    [-6.227582806280357, 106.86572135711482],
    [-6.21138275747003,  106.864353677053],
    [-6.201470418365691, 106.85401766766472],
    [-6.19276767005703,  106.865154055742],
    [-6.188916970476171, 106.87897200075484],
    [-6.187741960720658, 106.88297902792532],
    [-6.187026967311248, 106.88701446214128],
    [-6.180527702619701, 106.90005940042708]   
]

bandung_coords = [
    [-6.862129143625276, 107.60483318772368],
    [-6.8753076731146,   107.579654895729],
    [-6.88309844088035,  107.57788821287149],
    [-6.886381483792042, 107.57877550941215],
    [-6.891108553654734, 107.5816221616384],
    [-6.925978136122512, 107.57455641192054],
    [-6.948427385040432, 107.56236550706024],
    [-6.948077990632563, 107.57305596980642],
    [-6.94767811585883,  107.590142945397],
    [-6.947858949949909, 107.592300839889],
    [-6.952157941934111, 107.59557006399424],
    [-6.95574815013219,  107.624537688342],
    [-6.933831193537474, 107.62026020842468],
    [-6.92921616004598,  107.622249398148],
    [-6.935068885720132, 107.6661005533735],
    [-6.934401651265172, 107.7138786157592],
    [-6.928836160317733, 107.71359224023615],
    [-6.90192876526612,  107.686657457171],
    [-6.910089797488564, 107.6504363308188],
    [-6.908642960862224, 107.64389978773164],
    [-6.897004755184748, 107.64454949959902],
    [-6.897215418910154, 107.63097662337478],
    [-6.892228961807811, 107.6265370601502],
    [-6.88951999575134,  107.621192155946],
    [-6.878451676229753, 107.6246985631606],
    [-6.877486285454949, 107.62351145889284],
    [-6.875940132933287, 107.61973198372858],
    [-6.878247909634651, 107.6118264473099],
    [-6.870218290486969, 107.60537536231722],
    [-6.862129143625276, 107.60483318772368],
]

kabupatenSleman_coords = [
    [-7.677630805122239, 110.41008487576126],
    [-7.686058586803373, 110.41157268834311],
    [-7.695123873880434, 110.40930620476452],
    [-7.708607538289202, 110.39813658515884],
    [-7.70897058042725,  110.37279230552237],
    [-7.74242626370325,  110.348194360657],
    [-7.764665760256521, 110.34962472391176],
    [-7.776093617023215, 110.3456946796254],
    [-7.781728592310157, 110.3456057429732],
    [-7.766446744213288, 110.35652231278824],
    [-7.763844311403081, 110.36411903942692],
    [-7.758406191748895, 110.37438020376368],
    [-7.770227123586528, 110.3952488656752],
    [-7.7700442648344,   110.408853099145],
    [-7.770375511507612, 110.4119321313065],
    [-7.781709621224606, 110.43295149348096],
    [-7.779034643322038, 110.44369847465528],
    [-7.779693613813423, 110.44780934989426],
    [-7.766054637477349, 110.44524207168332],
    [-7.760181839852718, 110.4237150150656],
    [-7.74620633852263,  110.41476575513724],
    [-7.74322880260711,  110.413436202736],
    [-7.738305600000005, 110.3983056],
    [-7.737528007324777, 110.39062500955794],
    [-7.700815235635715, 110.41914172596944],
    [-7.690749519567642, 110.42287875704136],
    [-7.677630805122239, 110.41008487576126]
]

jakbar_coords = [
    [-6.12709103617227,  106.70621462883608],
    [-6.145365528143463, 106.6989301561932],
    [-6.15042938300685,  106.699172836171],
    [-6.173552301024436, 106.6961739],
    [-6.223355580362623, 106.73030561716764],
    [-6.216962279781606, 106.76069859152584],
    [-6.220787288679994, 106.76792602679018],
    [-6.203919377821255, 106.77960270665976],
    [-6.202057733749792, 106.78611988065911],
    [-6.201694422956118, 106.78792442063371],
    [-6.20403031116845,  106.796260673113],
    [-6.186500275057893, 106.80766737055224],
    [-6.17890733429165,  106.80273373152],
    [-6.17648209412661,  106.805432218416],
    [-6.171487301571773, 106.8021234073139],
    [-6.15867832086638,  106.81741292801593],
    [-6.157371256387042, 106.82422906512778],
    [-6.15323715433644,  106.8264478272156],
    [-6.150800566121464, 106.8209006479208],
    [-6.14140626592414,  106.822338346015],
    [-6.141473396296055, 106.80505858451644],
    [-6.140867689126527, 106.8033216932532],
    [-6.147866888193617, 106.78473292883626],
    [-6.147514450571514, 106.7833631699388],
    [-6.15597576639928,  106.77130705617334],
    [-6.163559899632181, 106.77075495671312],
    [-6.167066664881253, 106.76073431534286],
    [-6.180610721592572, 106.75024980075482],
    [-6.197177475658445, 106.72448785767143],
    [-6.181419885189535, 106.71907880267204],
    [-6.170401999727742, 106.72332709325272],
    [-6.1483182889515,   106.72079600343751],
    [-6.14427366609489,  106.7244523883434],
    [-6.134474627179245, 106.7333778532125],
    [-6.12716061930227,  106.72531622957096],
    [-6.12709103617227,  106.70621462883608],
]

bekasi_coords = [
    [-6.394480448910512, 106.90858156514128],
    [-6.377238969177788, 106.93343692730012],
    [-6.342235073411764, 106.9355270558212],
    [-6.308696777545277, 106.9245851739842],
    [-6.279999674839901, 106.90933312919854],
    [-6.259520429357658, 106.90974861669488],
    [-6.256953106209921, 106.9261481623259],
    [-6.243404429628289, 106.95502170476638],
    [-6.184649623590182, 106.97803693738018],
    [-6.182819528235846, 106.9890810549028],
    [-6.221465881620088, 107.02496199046988],
    [-6.244933189565201, 106.9899480866509],
    [-6.273512129167515, 107.00377871344972],
    [-6.262947735196922, 106.99506265889548],
    [-6.26001341313836,  106.98849997464195],
    [-6.248701756703648, 106.97405782946812],
    [-6.250654300944119, 106.96997051366864],
    [-6.253859284794497, 106.95605497365828],
    [-6.267329593343026, 106.92497573214057],
    [-6.279999674839901, 106.90933312919854]
]

kabupatenBogor_coords = [
    [-6.4708891609017,   106.850230732986],
    [-6.550948210344541, 106.73165620000005],
    [-6.55996763897347,  106.71631491986368],
    [-6.562758524785761, 106.7175365],
    [-6.567705509568365, 106.73032240307492],
    [-6.584214823341978, 106.73169471313804],
    [-6.575404849574327, 106.74975092576136],
    [-6.575114806835406, 106.84676735809104],
    [-6.661145757048898, 106.8577151085021],
    [-6.583375009488826, 106.88531365454187],
    [-6.582298702961744, 106.8891468856628],
    [-6.57874168091959,  106.88522783134027],
    [-6.578131419584294, 106.88420477301196],
    [-6.560943233839202, 106.8628211705522],
    [-6.556036572069335, 106.86410058175802],
    [-6.551886591056319, 106.86190187518476],
    [-6.515014242292868, 106.83141781642848],
    [-6.4708891609017,   106.850230732986]
]

tangerang_coords = [
    [-6.118227139577586, 106.68945088673968],
    [-6.165811566633754, 106.63462988773156],
    [-6.170317698135102, 106.6255896816409],
    [-6.206579012194862, 106.60343391845235],
    [-6.22560723812462,  106.588017534339],
    [-6.22919283813598,  106.587097526395],
    [-6.191967405305463, 106.63336858589584],
    [-6.23092940925879,  106.659065843443],
    [-6.22756034598326,  106.66328177501788],
    [-6.227238492709638, 106.68425133124552],
    [-6.222484765646628, 106.70555285594963],
    [-6.23005314529021,  106.730004761877],
    [-6.223866522069783, 106.7367668244915],
    [-6.201974594841614, 106.7226948480956],
    [-6.203528936485664, 106.69489982251034],
    [-6.174827109527108, 106.65448622505184],
    [-6.118227139577586, 106.68945088673968]
]

medan_coords = [
    [3.629171143384883, 98.67776353326232],
    [3.610489252504597, 98.6300542643038],
    [3.587942886632476, 98.65413937116372],
    [3.585057073201092, 98.64986314230563],
    [3.557003724906058, 98.63922220372125],
    [3.544865129650308, 98.62378233047824],
    [3.503347284535668, 98.6126796],
    [3.534443169536702, 98.62525491043657],
    [3.549576675755798, 98.64904037353092],
    [3.53721790212231,  98.68994102879036],
    [3.541787379780633, 98.69196168157832],
    [3.558183052356178, 98.64948017066152],
    [3.57961924198584,  98.6570374679587],
    [3.585877389214502, 98.66301935400035],
    [3.629171143384883, 98.67776353326232]
]

kabupatenSidoarjo_coords = [
    [-7.346189448785574, 112.73667743874324],
    [-7.361195561073195, 112.72387073539784],
    [-7.375706753305336, 112.71418165423825],
    [-7.423379779196648, 112.71516587453137],
    [-7.440380488710251, 112.70602909045252],
    [-7.453145611344046, 112.700451966307],
    [-7.454268588789295, 112.71528286654724],
    [-7.447299452560402, 112.73918107116371],
    [-7.376936427410274, 112.75890793118695],
    [-7.37191568909534,  112.7554095249032],
    [-7.346189448785574, 112.73667743874324]
]

surakarta_coords = [
    [-7.541642885830576, 110.81949914090568],
    [-7.551399100607966, 110.81434904186143],
    [-7.558780664779997, 110.79499316154067],
    [-7.569371966007997, 110.7941993802047],
    [-7.569752808146768, 110.79521617575185],
    [-7.565187562150434, 110.79887068962483],
    [-7.561320056772396, 110.81685243161084],
    [-7.56351920563736,  110.82072540000006],
    [-7.562074845259628, 110.84515312845826],
    [-7.55066445904029,  110.85383236304024],
    [-7.548422807687481, 110.85835770716326],
    [-7.555263572888236, 110.82088661498103],
    [-7.547167752525822, 110.8242698705522],
    [-7.541642885830576, 110.81949914090568],
]

bogor_coords = [
    [-6.59314303813912,  106.77055779527775],
    [-6.601376852533794, 106.81014734752416],
    [-6.623950957477812, 106.8192858898411],
    [-6.601633402539159, 106.8274206805085],
    [-6.601195158828061, 106.81632153206222],
    [-6.59848911076961,  106.810110359394],
    [-6.598073631511534, 106.8100786008357],
    [-6.59314303813912,  106.77055779527775]
]

Denpasar_coords = [
    [-8.63928422486028,  115.247637717791],
    [-8.67450059157447,  115.229975159245],
    [-8.684335111428416, 115.24175371143347],
    [-8.691462737209228, 115.25529294892266],
    [-8.660152633243653, 115.26052965443937],         
]

kabupatenBekasi_coords = [
    [-6.324908603231806, 107.1435695459129],
    [-6.334116002270271, 107.14219063164008],
    [-6.33697878243608,  107.141779504939],
    [-6.335074670904513, 107.1435734517129],
    [-6.305136129515042, 107.16999090747294],
    [-6.2988019993839,   107.166387168692],
    [-6.324908603231806, 107.1435695459129],
]

yogyakarta_coords = [
    [-7.77162848043745,  110.363295139075],
    [-7.787704583910659, 110.35742544110434],
    [-7.82395312296529,  110.371774461306],
    [-7.82302645028274,  110.391421076681],
    [-7.820109474360363, 110.39235173313467],
    [-7.81958490549616,  110.392310270765],
    [-7.79671470693375,  110.374377584031],
    [-7.77162848043745,  110.363295139075]
]

kabupatenSumedang_coords = [
    [-6.899704728436373, 107.76550027116468],  
    [-6.93832379130119,  107.76920095958891],  
    [-6.935337721986102, 107.77785373629122],  
    [-6.934894168267896, 107.78222107888304],  
    [-6.932540635306072, 107.7813409764368],  
    [-6.925781746378386, 107.78007178915551],  
    [-6.923590154288846, 107.78058655323512],
    [-6.913583573342522, 107.78002510539191] 
]

kabupatenBadung_coords = [
    [-8.646641262822016, 115.16429152737554],
    [-8.683899630609675, 115.17493088287311],
    [-8.784935865850617, 115.1763528530674],
    [-8.804149766275614, 115.165747671105],
    [-8.686637543427032, 115.1710494622515],
    [-8.646641262822016, 115.16429152737554]
]

kabupatenMalang_coords = [
    [-7.912835371664473, 112.59683111779124],
    [-7.922348521038494, 112.6086656616462],
    [-7.916514830062178, 112.59635803379572],
    [-7.915018613953346, 112.591220784202],
    [-7.912835371664473, 112.59683111779124]
]

kabupatenSukoharjo_coords = [
    [-7.5527338916915,   110.76455803678276],
    [-7.579816398569006, 110.77785333590374],
    [-7.60382194405507,  110.80675895919644],
    [-7.596186705277778, 110.82230624587156],
    [-7.5527338916915,   110.76455803678276]
]

serang_coords = [
    [-6.113665440336424, 106.13523797443428],
    [-6.11847161403225,  106.17758324713942],
    [-6.189108903099577, 106.1201782053762],
    [-6.113665440336424, 106.13523797443428],
]

Jakarta Selatan ✅
Depok ✅                  
Jakarta Utara ✅                
Malang ✅               
Kabupaten Tangerang ✅
Semarang ✅  
Jakarta Pusat ✅                  
Surabaya ✅
Tangerang Selatan ✅          
Jakarta Timur ✅     
Bandung ✅
Kabupaten Sleman ✅
Jakarta Barat ✅  
Bekasi ✅
kabupaten bogor ✅
tangerang ✅
medan ✅

Yogyakarta [Yogyakarta, kabupaten bantul]

bandung [bandung, kabupaten bandung]

Surakarta [surakarta, kabupaten karanganyar]